space -100 -100 -100 100 100 100

radial -50 -50 -50 -25
radial -50 -50 50 -25
radial 50 -50 -50 -25
radial 50 -50 50 -25
radial -50 50 -50 -25
radial -50 50 50 -25
radial 50 50 -50 -25
radial 50 50 50 -25
radial 0 0 0 100
wind 10 11 12
gravity 20

type (100) (1.0)
type (200) (2.0)
type (300) (3.0)
type (400) (4.0)

emitter point (-50 -50 -50) (-2 -2 -2 2 2 2) (1) (0 1 2) (500)
emitter point (50 -50 -50) (-2 -2 -2 2 2 2) (2) (0 1 3) (500)
emitter point (-50 -50 50) (-2 -2 -2 2 2 2) (3) (0 2 3) (500)
emitter point (50 -50 50) (-2 -2 -2 2 2 2) (4) (1 2 3) (500)
emitter point (-50 50 -50) (-2 -2 -2 2 2 2) (1) (1 2 3) (500)
emitter point (50 50 -50) (-2 -2 -2 2 2 2) (2) (0 2 3) (500)
emitter point (-50 50 50) (-2 -2 -2 2 2 2) (3) (0 1 3) (500)
emitter point (50 50 50) (-2 -2 -2 2 2 2) (4) (0 1 2) (500)
