space -100 -100 -100 100 100 100

radial 0 0 0 -100000

type (100) (1.0)

emitter point (-50 -50 -50) (-2 -2 -2 2 2 2) (5) (0) (250)
emitter point (-50 -50 50) (-2 -2 -2 2 2 2) (5) (0) (250)
emitter point (50 -50 -50) (-2 -2 -2 2 2 2) (5) (0) (250)
emitter point (50 -50 50) (-2 -2 -2 2 2 2) (5) (0) (250)
emitter point (-50 50 -50) (-2 -2 -2 2 2 2) (5) (0) (250)
emitter point (-50 50 50) (-2 -2 -2 2 2 2) (5) (0) (250)
emitter point (50 50 -50) (-2 -2 -2 2 2 2) (5) (0) (250)
emitter point (50 50 50) (-2 -2 -2 2 2 2) (5) (0) (250)
